Gene	B0310.2
Motif	B0310.2
Pos	A	C	G	T
1	0.329080912310307	0.132909641682365	0.215863858602655	0.322145587845121
2	0.106515347455155	0.0267354518042527	0.0267354518042527	0.840013749616164
3	0.756449560304489	0.150172709817721	0.00143929404170178	0.0919384361881514
4	0.00143929404170178	0.995682118226956	0.00143929404170178	0.00143929404170178
5	0.00143929404170178	0.995682118226956	0.00143929404170178	0.00143929404170178
6	0.00143929404170178	0.00143929404170178	0.00143929404170178	0.995682118226956
7	0.00143929404170178	0.995682118226956	0.00143929404170178	0.00143929404170178
8	0.995682118226956	0.00143929404170178	0.00143929404170178	0.00143929404170178
9	0.406313498929586	0.264059888593499	0.119267641837833	0.210358970911831


Gene	C46E10.8
Motif	C46E10.8
Pos	A	C	G	T
1	0.905321871230523	0.0315593766223501	0.0315593766223501	0.0315593766223501
2	0.420372423158073	0.00778120532955918	0.00778120532955918	0.564065164638965
3	0.976656382467477	0.00778120532955918	0.00778120532955918	0.00778120532955918
4	0.893338209917887	0.00778120532955918	0.00778120532955918	0.0910993778791491
5	0.893338209917887	0.00778120532955918	0.00778120532955918	0.0910993778791491
6	0.431156275255301	0.0315256879598409	0.0315256879598409	0.505792346392792
7	0.347346992093385	0.0315256879598409	0.0315256879598409	0.589601629554709
8	0.580086271474793	0.173465246321703	0.0793114996675603	0.167136981117503


Gene	F13H6.1
Motif	F13H6.1
Pos	A	C	G	T
1	0.025177540481625	0.025177540481625	0.025177540481625	0.924467378616393
2	0.000260613083417896	0.000260613083417896	0.999218160627409	0.000260613083417896
3	0.000260613083417896	0.000260613083417896	0.999218160627409	0.000260613083417896
4	0.000260613083417896	0.000260613083417896	0.000260613083417896	0.999218160627409
5	0.000260613083417896	0.999218160627409	0.000260613083417896	0.000260613083417896
6	0.999218160627409	0.000260613083417896	0.000260613083417896	0.000260613083417896
7	0.337412494814334	0.264145614513942	0.252054923269879	0.146386967303981
8	0.100494173673385	0.286403186386827	0.197965447283566	0.415137192565472


Gene	F52B5.7
Motif	F52B5.7
Pos	A	C	G	T
1	0.435475079346022	0.131768280243568	0.201721247453217	0.231035393117561
2	0.148862369844865	0.779815194318135	0.00168124380420678	0.069641192442219
3	0.069641192442219	0.779815194318135	0.00168124380420678	0.148862369844865
4	0.00168124380420678	0.994956268996806	0.00168124380420678	0.00168124380420678
5	0.00168124380420678	0.994956268996806	0.00168124380420678	0.00168124380420678
6	0.994956268996806	0.00168124380420678	0.00168124380420678	0.00168124380420678
7	0.00168124380420678	0.00168124380420678	0.00168124380420678	0.994956268996806
8	0.757263826724134	0.0252537862208866	0.192228600836913	0.0252537862208866


Gene	F55C5.11
Motif	F55C5.11
Pos	A	C	G	T
1	0.0489002191251521	0.0489002191251521	0.458196021224469	0.444003540604444
2	0.00020388004517658	0.00020388004517658	0.999388359880999	0.00020388004517658
3	0.00020388004517658	0.00020388004517658	0.00020388004517658	0.999388359880999
4	0.00020388004517658	0.00020388004517658	0.999388359880999	0.00020388004517658
5	0.999388359880999	0.00020388004517658	0.00020388004517658	0.00020388004517658
6	0.00020388004517658	0.999388359880999	0.00020388004517658	0.00020388004517658
7	0.999388359880999	0.00020388004517658	0.00020388004517658	0.00020388004517658
8	0.220554211713585	0.488684350787529	0.19016055801188	0.100600879537718


Gene	K02D7.2
Motif	K02D7.2
Pos	A	C	G	T
1	0.390471870482553	0.18264170627196	0.207644964486392	0.219241460663102
2	0.907419228597515	0.0069937766997042	0.0785932168184761	0.0069937766997042
3	0.0069937766997042	0.979018668716289	0.0069937766997042	0.0069937766997042
4	0.979018668716289	0.0069937766997042	0.0069937766997042	0.0069937766997042
5	0.0069937766997042	0.0069937766997042	0.979018668716289	0.0069937766997042
6	0.0069937766997042	0.0069937766997042	0.979018668716289	0.0069937766997042
7	0.0069937766997042	0.0069937766997042	0.0069937766997042	0.979018668716289
8	0.0069937766997042	0.0069937766997042	0.90013167776369	0.0858807676523029


Gene	K11D2.4
Motif	K11D2.4
Pos	A	C	G	T
1	0.647006644984414	0.1648264728234	0.0817909952626183	0.106375886898662
2	0.742015198480131	0.000350340556560804	0.164015645601524	0.0936188153308786
3	0.998948978299414	0.000350340556560804	0.000350340556560804	0.000350340556560804
4	0.998948978299414	0.000350340556560804	0.000350340556560804	0.000350340556560804
5	0.998948978299414	0.000350340556560804	0.000350340556560804	0.000350340556560804
6	0.998948978299414	0.000350340556560804	0.000350340556560804	0.000350340556560804
7	0.998948978299414	0.000350340556560804	0.000350340556560804	0.000350340556560804
8	0.707253394955464	0.116275897835948	0.0908765766190691	0.0855941305586135


Gene	M03D4.4
Motif	M03D4.4
Pos	A	C	G	T
1	0.626582076481516	0.0692338953130877	0.171456794657062	0.132727233554578
2	0.000156150546082499	0.105176227077886	0.000156150546082499	0.894511471847626
3	0.000156150546082499	0.000156150546082499	0.999531548379429	0.000156150546082499
4	0.000156150546082499	0.999531548379429	0.000156150546082499	0.000156150546082499
5	0.999531548379429	0.000156150546082499	0.000156150546082499	0.000156150546082499
6	0.000156150546082499	0.000156150546082499	0.000156150546082499	0.999531548379429
7	0.000156150546082499	0.000156150546082499	0.999531548379429	0.000156150546082499
8	0.829695492301264	0.056768169237497	0.056768169237497	0.056768169237497


Gene	T22C8.4
Motif	T22C8.4
Pos	A	C	G	T
1	0.332080693558325	0.230193649767395	0.20007660571123	0.237649052324271
2	0.00369960096954851	0.00369960096954851	0.988901198159192	0.00369960096954851
3	0.00369960096954851	0.988901198159192	0.00369960096954851	0.00369960096954851
4	0.988901198159192	0.00369960096954851	0.00369960096954851	0.00369960096954851
5	0.00369960096954851	0.00369960096954851	0.988901198159192	0.00369960096954851
6	0.00369960096954851	0.00369960096954851	0.988901198159192	0.00369960096954851
7	0.00369960096954851	0.00369960096954851	0.988901198159192	0.00369960096954851
8	0.0276582489241324	0.0276582489241324	0.852629461221928	0.0920540416177082
9	0.235174792953588	0.248346975309829	0.288022114369317	0.228456118141309


Gene	W02D7.6
Motif	W02D7.6
Pos	A	C	G	T
1	0.662311568011431	0.163922846603378	0.0868827967111414	0.0868827967111414
2	0.188303271168772	0.0181337811361782	0.695887318574583	0.0976756371803194
3	0.106213594631747	0.85751885115575	0.0181337811361782	0.0181337811361782
4	0.265276334173397	0.0181337811361782	0.0181337811361782	0.698456111614097
5	0.210399042295626	0.708243438325454	0.0406787595046697	0.0406787595046697
6	0.243065287356387	0.0625549399625001	0.464644492767295	0.229735275811251
7	0.576283447107457	0.114478123309733	0.194760297501298	0.114478123309733
8	0.114478123309733	0.114478123309733	0.576283447107457	0.194760297501298


Gene	Y53H1A.2
Motif	Y53H1A.2
Pos	A	C	G	T
1	0.127712004396683	0.616863985243999	0.127712004396683	0.127712004396683
2	0.0542776099421448	0.0542776099421448	0.837167172445798	0.0542776099421448
3	0.00487708433111366	0.00487708433111366	0.98536874845589	0.00487708433111366
4	0.00487708433111366	0.31058966020989	0.00487708433111366	0.679656172577117
5	0.00487708433111366	0.191430802000339	0.798815030786668	0.00487708433111366
6	0.00487708433111366	0.00487708433111366	0.98536874845589	0.00487708433111366
7	0.00487708433111366	0.31058966020989	0.398169695807687	0.286363561100542
8	0.0292989112110821	0.816867872169939	0.124534306008608	0.0292989112110821
9	0.216544246175966	0.221725392797406	0.434564112340123	0.127166248271374


Gene	Y56A3A.28
Motif	Y56A3A.28
Pos	A	C	G	T
1	0.0878902942624887	0.548548494130003	0.275670922738211	0.0878902942624887
2	0.229236377666997	0.659509747253525	0.10068863400295	0.0105652365639932
3	0.186606401693157	0.0105652365639932	0.79226312066632	0.0105652365639932
4	0.0105652365639932	0.887489630106642	0.0105652365639932	0.0913798922528352
5	0.611274220021195	0.0105652365639932	0.367595302338282	0.0105652365639932
6	0.0105652365639932	0.0105652365639932	0.27236879289796	0.706500729461517
7	0.057373558630625	0.057373558630625	0.827879320952586	0.057373558630625
8	0.0803453991106548	0.75896380407352	0.0803453991106548	0.0803453991106548


Gene	ZC328.2
Motif	ZC328.2
Pos	A	C	G	T
1	0.313077364579305	0.336472084412567	0.143791993827429	0.206658558526273
2	0.0932830375344889	0.720150886761752	0.0932830375344889	0.0932830375344889
3	0.144036583130349	0.151706485589946	0.637967473898777	0.0662894581318356
4	0.00259739197170817	0.992207823749378	0.00259739197170817	0.00259739197170817
5	0.0697021880875454	0.925103027633541	0.00259739197170817	0.00259739197170817
6	0.00259739197170817	0.87945265720694	0.00259739197170817	0.115352558514147
7	0.436073761103328	0.558731454617758	0.00259739197170817	0.00259739197170817
8	0.00259739197170817	0.992207823749378	0.00259739197170817	0.00259739197170817
9	0.112600108521876	0.172074096143711	0.602725687476305	0.112600108521876


Gene	ZK337.2
Motif	ZK337.2
Pos	A	C	G	T
1	0.253469061010416	0.638955156963473	0.0537878906595022	0.0537878906595022
2	0.0280727427874548	0.915781772272292	0.0280727427874548	0.0280727427874548
3	0.080685051884712	0.201650941919781	0.645411553819025	0.0722524525206899
4	0.103017123351722	0.890671283930113	0.00315579643118555	0.00315579643118555
5	0.00315579643118555	0.99053261085065	0.00315579643118555	0.00315579643118555
6	0.00315579643118555	0.792037465362054	0.201650941919781	0.00315579643118555
7	0.273458970539058	0.72022943674278	0.00315579643118555	0.00315579643118555
8	0.201650941919781	0.792037465362054	0.00315579643118555	0.00315579643118555


Gene	ces-1
Motif	ces-1
Pos	A	C	G	T
1	0.616957544473758	0.127680818687929	0.127680818687929	0.127680818687929
2	0.0627403108667664	0.738228111716629	0.0627403108667664	0.136291273463
3	0.040908565700705	0.569565032776941	0.040908565700705	0.348617836328107
4	0.018623843943511	0.0947055424828361	0.018623843943511	0.86804676103402
5	0.169007063537722	0.018623843943511	0.793745239979135	0.018623843943511
6	0.0947055424828361	0.0952642199482091	0.018623843943511	0.791406385029324
7	0.317872226672594	0.018623843943511	0.018623843943511	0.644880076844263
8	0.116655868455179	0.0421778166118072	0.57232727616482	0.268839045635833
9	0.298137758071681	0.340740706900628	0.219452006631689	0.14166952930959


Gene	che-1
Motif	che-1
Pos	A	C	G	T
1	0.140458748593417	0.0513029208613091	0.561906774758625	0.246331555989531
2	0.00144954161160112	0.00144954161160112	0.995651375223623	0.00144954161160112
3	0.00144954161160112	0.00144954161160112	0.995651375223623	0.00144954161160112
4	0.00144954161160112	0.995651375223623	0.00144954161160112	0.00144954161160112
5	0.00144954161160112	0.00144954161160112	0.00144954161160112	0.995651375223623
6	0.00144954161160112	0.00144954161160112	0.00144954161160112	0.995651375223623
7	0.00144954161160112	0.995651375223623	0.00144954161160112	0.00144954161160112
8	0.195435595271546	0.426897060912159	0.102951646430263	0.274715698025086


Gene	die-1
Motif	die-1
Pos	A	C	G	T
1	0.588703922970979	0.0781592965541889	0.190765422899859	0.142371355815091
2	0.11622946099792	0.112203477246249	0.14396448773954	0.627602573644766
3	0.0046455471668536	0.0046455471668536	0.0046455471668536	0.986063358459385
4	0.0046455471668536	0.0046455471668536	0.0046455471668536	0.986063358459385
5	0.0998208582863154	0.0046455471668536	0.0046455471668536	0.890888047339923
6	0.986063358459385	0.0046455471668536	0.0046455471668536	0.0046455471668536
7	0.986063358459385	0.0046455471668536	0.0046455471668536	0.0046455471668536
8	0.890888047339923	0.0046455471668536	0.0046455471668536	0.0998208582863154


Gene	egl-43
Motif	egl-43
Pos	A	C	G	T
1	0.33479279563396	0.102162910535195	0.319763327534886	0.243280967361656
2	0.0262360688014341	0.921291793318039	0.0262360688014341	0.0262360688014341
3	0.00236871693716771	0.00236871693716771	0.133716480933015	0.861546085297717
4	0.00236871693716771	0.992893849293564	0.00236871693716771	0.00236871693716771
5	0.992893849293564	0.00236871693716771	0.00236871693716771	0.00236871693716771
6	0.00236871693716771	0.00236871693716771	0.00236871693716771	0.992893849293564
7	0.00236871693716771	0.992893849293564	0.00236871693716771	0.00236871693716771
8	0.147203377540848	0.704014329711256	0.0743911465509768	0.0743911465509768


Gene	egrh-1
Motif	egrh-1
Pos	A	C	G	T
1	0.0523127372536067	0.843061787097002	0.0523127372536067	0.0523127372536067
2	0.00486729722956557	0.238071063876431	0.752194342655155	0.00486729722956557
3	0.00486729722956557	0.985398109302022	0.00486729722956557	0.00486729722956557
4	0.149891367728126	0.840374038803461	0.00486729722956557	0.00486729722956557
5	0.00486729722956557	0.985398109302022	0.00486729722956557	0.00486729722956557
6	0.369423612145801	0.475817723887226	0.149891367728126	0.00486729722956557
7	0.00486729722956557	0.985398109302022	0.00486729722956557	0.00486729722956557
8	0.487244936085301	0.101309739008118	0.310135587375283	0.101309739008118


Gene	egrh-3
Motif	egrh-3
Pos	A	C	G	T
1	0.0979037716661452	0.7180180281531	0.0840112058423067	0.100066994336605
2	0.00161031619569781	0.90044034378863	0.00161031619569781	0.0963390238181308
3	0.00161031619569781	0.901244809479228	0.00161031619569781	0.0955345581275333
4	0.00161031619569781	0.995169051411064	0.00161031619569781	0.00161031619569781
5	0.00161031619569781	0.995169051411064	0.00161031619569781	0.00161031619569781
6	0.00161031619569781	0.995169051411064	0.00161031619569781	0.00161031619569781
7	0.0913858807000414	0.809079183172295	0.00161031619569781	0.0979246199301235
8	0.0966363914738291	0.787912664613485	0.00161031619569781	0.113840627715146


Gene	eor-1
Motif	eor-1
Pos	A	C	G	T
1	0.19301164808857	0.211188381790863	0.362400712333789	0.233399257786777
2	0.437490989510086	0.0279678632695742	0.534352701239793	0.000188445980547178
3	0.00091022716156407	0.000616275557132494	0.998185285893409	0.000288211387894684
4	1.80510816675843e-08	4.82044012366129e-05	0.999939771021756	1.20065259254149e-05
5	2.18729396629363e-05	0.000203415409553329	0.999739715074337	3.49965764465141e-05
6	0.276878106163746	3.13904223808687e-07	0.723121573318696	6.61333404179301e-09
7	0.199488012788915	0.216102784407489	0.144858028402243	0.439551174401353
8	0.0870120052409351	0.505751832874047	0.199546262219032	0.207689899665985


Gene	ham-2
Motif	ham-2
Pos	A	C	G	T
1	0.764464807501256	0.0785117307095198	0.0785117307095198	0.0785117307095198
2	0.723326335803979	0.0295938546374913	0.0295938546374913	0.217485956254024
3	0.00540387216621619	0.00540387216621619	0.983788385873435	0.00540387216621619
4	0.00540387216621619	0.983788385873435	0.00540387216621619	0.00540387216621619
5	0.00540387216621619	0.00540387216621619	0.00540387216621619	0.983788385873435
6	0.206740343809758	0.00540387216621619	0.00540387216621619	0.782451914229892
7	0.700189181910419	0.00540387216621619	0.206740343809758	0.0876666044856905
8	0.416556151297637	0.370236344251522	0.0557331748851712	0.157474331380032


Gene	klf-3
Motif	klf-3
Pos	A	C	G	T
1	0.0596000767190397	0.528411006688153	0.0596000767190397	0.352388835707581
2	0.86988820972245	0.108257899641833	0.0109269460554921	0.0109269460554921
3	0.0109269460554921	0.967219163308791	0.0109269460554921	0.0109269460554921
4	0.103453061461133	0.0109269460554921	0.87469304790315	0.0109269460554921
5	0.0109269460554921	0.967219163308791	0.0109269460554921	0.0109269460554921
6	0.0109269460554921	0.967219163308791	0.0109269460554921	0.0109269460554921
7	0.0109269460554921	0.967219163308791	0.0109269460554921	0.0109269460554921
8	0.399241900078615	0.106248326208459	0.106248326208459	0.388261448672467


Gene	lin-29
Motif	lin-29
Pos	A	C	G	T
1	0.242817778274818	0.154099918603831	0.0520647621123528	0.551017540215648
2	0.833046249548127	0.0800830441898008	0.0844734201845261	0.0023972872393491
3	0.906690878323533	0.0023972872393491	0.0023972872393491	0.0885145483595719
4	0.992808139443757	0.0023972872393491	0.0023972872393491	0.0023972872393491
5	0.992808139443757	0.0023972872393491	0.0023972872393491	0.0023972872393491
6	0.992808139443757	0.0023972872393491	0.0023972872393491	0.0023972872393491
7	0.992808139443757	0.0023972872393491	0.0023972872393491	0.0023972872393491
8	0.84415132694608	0.0519495579007971	0.0519495579007971	0.0519495579007971


Gene	lin-48
Motif	lin-48
Pos	A	C	G	T
1	0.496320202736788	0.177032229522662	0.0781882077720813	0.248459360984868
2	0.00850230943554928	0.97449307075031	0.00850230943554928	0.00850230943554928
3	0.00850230943554928	0.97449307075031	0.00850230943554928	0.00850230943554928
4	0.00850230943554928	0.00850230943554928	0.97449307075031	0.00850230943554928
5	0.00850230943554928	0.00850230943554928	0.00850230943554928	0.97449307075031
6	0.00850230943554928	0.00850230943554928	0.00850230943554928	0.97449307075031
7	0.97449307075031	0.00850230943554928	0.00850230943554928	0.00850230943554928
8	0.0809323879266856	0.310638206763982	0.340174185692192	0.268255219993975


Gene	lsl-1
Motif	lsl-1
Pos	A	C	G	T
1	0.234575158075379	0.131568774889502	0.379012532959857	0.25484353397597
2	0.000707462380611859	0.000707462380611859	0.000707462380611859	0.997877612926045
3	0.997877612926045	0.000707462380611859	0.000707462380611859	0.000707462380611859
4	0.000707462380611859	0.997877612926045	0.000707462380611859	0.000707462380611859
5	0.234977159183696	0.000707462380611859	0.511522916580304	0.252792461923269
6	0.000707462380611859	0.000707462380611859	0.997877612926045	0.000707462380611859
7	0.000707462380611859	0.000707462380611859	0.000707462380611859	0.997877612926045
8	0.997877612926045	0.000707462380611859	0.000707462380611859	0.000707462380611859
9	0.210892036289143	0.119699374074551	0.40207249183603	0.267336098020251


Gene	lsy-2
Motif	lsy-2
Pos	A	C	G	T
1	0.224707980275398	0.342262625433882	0.215781034325167	0.217248359978638
2	8.19941557693025e-05	8.19941557693025e-05	8.19941557693025e-05	0.999754017540055
3	0.999754017540055	8.19941557693025e-05	8.19941557693025e-05	8.19941557693025e-05
4	8.19941557693025e-05	0.999754017540055	8.19941557693025e-05	8.19941557693025e-05
5	0.212039063136632	0.684770591740838	8.19941557693025e-05	0.103108350974121
6	8.19941557693025e-05	8.19941557693025e-05	0.999754017540055	8.19941557693025e-05
7	8.19941557693025e-05	8.19941557693025e-05	8.19941557693025e-05	0.999754017540055
8	0.999754017540055	8.19941557693025e-05	8.19941557693025e-05	8.19941557693025e-05
9	0.329514616703255	0.213716232115758	0.123028750761253	0.333740400421553


Gene	lsy-27
Motif	lsy-27
Pos	A	C	G	T
1	0.76927108630589	0.0510333382016853	0.128662237235291	0.0510333382016853
2	0.844795341426279	0.025752811632991	0.103699035299378	0.025752811632991
3	0.000258348262258934	0.000258348262258934	0.999224955199781	0.000258348262258934
4	0.000258348262258934	0.999224955199781	0.000258348262258934	0.000258348262258934
5	0.000258348262258934	0.000258348262258934	0.000258348262258934	0.999224955199781
6	0.000258348262258934	0.000258348262258934	0.000258348262258934	0.999224955199781
7	0.209009075670241	0.703829048657385	0.000258348262258934	0.0869035273966745
8	0.673308894751471	0.0741768864867688	0.0741768864867688	0.178337332321923


Gene	mnm-2
Motif	mnm-2
Pos	A	C	G	T
1	0.0164988382837988	0.0164988382837988	0.95050348683426	0.0164988382837988
2	0.95050348683426	0.0164988382837988	0.0164988382837988	0.0164988382837988
3	0.26101069870021	0.0164988382837988	0.0164988382837988	0.705991626417849
4	0.187761875226486	0.0952597640174939	0.700479524157878	0.0164988382837988
5	0.0164988382837988	0.542928689013323	0.0952597640174939	0.345312710371039
6	0.0164988382837988	0.0164988382837988	0.95050348683426	0.0164988382837988
7	0.0164988382837988	0.779830531902614	0.0164988382837988	0.187171793215445
8	0.593967937115825	0.187162827650756	0.109434615689272	0.109434615689272


Gene	odd-2
Motif	odd-2
Pos	A	C	G	T
1	0.487487473020205	0.277525148402216	0.117493688889279	0.117493688889279
2	0.00185554186487287	0.994433374503551	0.00185554186487287	0.00185554186487287
3	0.569276801926508	0.00185554186487287	0.427012114441916	0.00185554186487287
4	0.00185554186487287	0.00185554186487287	0.994433374503551	0.00185554186487287
5	0.00185554186487287	0.00185554186487287	0.00185554186487287	0.994433374503551
6	0.994433374503551	0.00185554186487287	0.00185554186487287	0.00185554186487287
7	0.00185554186487287	0.00185554186487287	0.994433374503551	0.00185554186487287
8	0.0260511962939037	0.921846411478262	0.0260511962939037	0.0260511962939037
9	0.347974813591187	0.19784788651128	0.135666345605496	0.318510953427126


Gene	pag-3
Motif	pag-3
Pos	A	C	G	T
1	0.920734037624912	0.026421987394653	0.026421987394653	0.026421987394653
2	0.995326769092611	0.00155774357360249	0.00155774357360249	0.00155774357360249
3	0.995326769092611	0.00155774357360249	0.00155774357360249	0.00155774357360249
4	0.00155774357360249	0.00155774357360249	0.00155774357360249	0.995326769092611
5	0.00155774357360249	0.995326769092611	0.00155774357360249	0.00155774357360249
6	0.203769853425555	0.00155774357360249	0.00155774357360249	0.793114659240659
7	0.00155774357360249	0.295054987770071	0.701829524896142	0.00155774357360249
8	0.290786651778082	0.0992002007488967	0.41694123133539	0.19307191607416


Gene	ref-2
Motif	ref-2
Pos	A	C	G	T
1	0.20793432847246	0.439185108404351	0.228296408665106	0.124584151929022
2	0.189692698572421	0.0537915666188627	0.523642455853731	0.232873277555391
3	0.0537915666188627	0.0537915666188627	0.838625298743817	0.0537915666188627
4	0.0304940209966134	0.807037214567862	0.0304940209966134	0.131974746209081
5	0.123273054716234	0.0304940209966134	0.815738906060711	0.0304940209966134
6	0.109898461452924	0.655859848424215	0.227558193936693	0.00668349419011202
7	0.117209167850951	0.511888038522479	0.339703937067883	0.0311988549847089
8	0.253381849425955	0.598210126164407	0.117209167850951	0.0311988549847089
9	0.13233305726148	0.60300082678566	0.13233305726148	0.13233305726148


Gene	scrt-1
Motif	scrt-1
Pos	A	C	G	T
1	0.232081209463711	0.239288290315137	0.307935924030048	0.220694580877048
2	0.602830410574663	0.0595412592760966	0.278087067398338	0.0595412592760966
3	0.0120594243086495	0.0120594243086495	0.963821732024317	0.0120594243086495
4	0.0120594243086495	0.0120594243086495	0.0120594243086495	0.963821732024317
5	0.0120594243086495	0.0120594243086495	0.963821732024317	0.0120594243086495
6	0.0120594243086495	0.0120594243086495	0.963821732024317	0.0120594243086495
7	0.0120594243086495	0.0120594243086495	0.0120594243086495	0.963821732024317
8	0.0120594243086495	0.0120594243086495	0.0120594243086495	0.963821732024317
9	0.2028250783038	0.121046432374518	0.555082062121474	0.121046432374518


Gene	slr-2
Motif	slr-2
Pos	A	C	G	T
1	0.491376908630717	0.0575169478689567	0.393589195639438	0.0575169478689567
2	0.972033007556905	0.00932233104365696	0.00932233104365696	0.00932233104365696
3	0.00932233104365696	0.972033007556905	0.00932233104365696	0.00932233104365696
4	0.00932233104365696	0.00932233104365696	0.00932233104365696	0.972033007556905
5	0.191730638301807	0.00932233104365696	0.789624700298753	0.00932233104365696
6	0.00932233104365696	0.972033007556905	0.00932233104365696	0.00932233104365696
7	0.972033007556905	0.00932233104365696	0.00932233104365696	0.00932233104365696
8	0.688017086718686	0.103994303638695	0.103994303638695	0.103994303638695


Gene	sptf-3
Motif	sptf-3
Pos	A	C	G	T
1	0.143820547841219	0.371037039968276	0.143820547841219	0.341321870512244
2	0.543964715694476	0.414670222003803	0.0206825262622065	0.0206825262622065
3	0.0206825262622065	0.937952411436072	0.0206825262622065	0.0206825262622065
4	0.0992587789117558	0.0206825262622065	0.859376158786524	0.0206825262622065
5	0.0206825262622065	0.937952411436072	0.0206825262622065	0.0206825262622065
6	0.0206825262622065	0.937952411436072	0.0206825262622065	0.0206825262622065
7	0.0206825262622065	0.937952411436072	0.0206825262622065	0.0206825262622065
8	0.221079459400241	0.626499857587403	0.0428535148193143	0.10956716365055
9	0.127806146147097	0.345151930469267	0.127806146147097	0.39923577282494


Gene	syd-9
Motif	syd-9
Pos	A	C	G	T
1	0.194359894231078	0.183174780165511	0.419673782543808	0.202791543053587
2	0.000440201092945008	0.000440201092945008	0.000440201092945008	0.998679396534595
3	0.998679396534595	0.000440201092945008	0.000440201092945008	0.000440201092945008
4	0.000440201092945008	0.998679396534595	0.000440201092945008	0.000440201092945008
5	0.914274316118351	0.084845281509191	0.000440201092945008	0.000440201092945008
6	0.000440201092945008	0.000440201092945008	0.998679396534595	0.000440201092945008
7	0.000440201092945008	0.000440201092945008	0.000440201092945008	0.998679396534595
8	0.823198543805773	0.0258132354833726	0.0258132354833726	0.125174985381742


Gene	ztf-14
Motif	ztf-14
Pos	A	C	G	T
1	0.0887931214785999	0.0293782212949775	0.852450434500735	0.0293782212949775
2	0.795638031393409	0.067228574590208	0.131223029192708	0.0059103656406331
3	0.0059103656406331	0.982268903895055	0.0059103656406331	0.0059103656406331
4	0.0059103656406331	0.982268903895055	0.0059103656406331	0.0059103656406331
5	0.783936890800256	0.142924169785859	0.0059103656406331	0.067228574590208
6	0.0059103656406331	0.982268903895055	0.0059103656406331	0.0059103656406331
7	0.0952594447507034	0.892919824784988	0.0059103656406331	0.0059103656406331
8	0.0777865511657914	0.70124764500853	0.0777865511657914	0.143179253585701


Gene	ztf-15
Motif	ztf-15
Pos	A	C	G	T
1	0.394569563249666	0.0816409852395369	0.0816409852395369	0.442148465297047
2	0.650481762794764	0.100174659796702	0.0984824112145069	0.150861163459873
3	0.0109173813302757	0.0109173813302757	0.0109173813302757	0.967247853275018
4	0.873553249882541	0.0109173813302757	0.104611984722753	0.0109173813302757
5	0.0109173813302757	0.1058626995576	0.0109173813302757	0.872302535047694
6	0.967247853275018	0.0109173813302757	0.0109173813302757	0.0109173813302757
7	0.0109173813302757	0.193653814709066	0.185258177216657	0.610170624009847
8	0.880077455331828	0.0109173813302757	0.0109173813302757	0.0980877792734662


Gene	ztf-16
Motif	ztf-16
Pos	A	C	G	T
1	0.73552709979073	0.0521199106131124	0.0521199106131124	0.160233079855723
2	0.00325220585496506	0.00325220585496506	0.00325220585496506	0.990243381028542
3	0.00325220585496506	0.990243381028542	0.00325220585496506	0.00325220585496506
4	0.00325220585496506	0.990243381028542	0.00325220585496506	0.00325220585496506
5	0.216971843564053	0.00325220585496506	0.678343208816059	0.10143274035836
6	0.00325220585496506	0.00325220585496506	0.990243381028542	0.00325220585496506
7	0.778891752500793	0.00325220585496506	0.214603834382715	0.00325220585496506
8	0.77440903917738	0.0751969867943428	0.0751969867943428	0.0751969867943428


Gene	ztf-19
Motif	ztf-19
Pos	A	C	G	T
1	0.554895215312455	0.0498808558407768	0.253476534672163	0.141747394154092
2	0.000303743589070868	0.000303743589070868	0.881926856188785	0.117465656580725
3	0.000303743589070868	0.000303743589070868	0.000303743589070868	0.99908876918044
4	0.000303743589070868	0.000303743589070868	0.892106916322398	0.107285596447111
5	0.000303743589070868	0.000303743589070868	0.000303743589070868	0.99908876918044
6	0.99908876918044	0.000303743589070868	0.000303743589070868	0.000303743589070868
7	0.99908876918044	0.000303743589070868	0.000303743589070868	0.000303743589070868
8	0.256757320210294	0.0497913098992821	0.0497913098992821	0.643660060003394


Gene	ztf-2
Motif	ztf-2
Pos	A	C	G	T
1	0.139201334907595	0.547806070012285	0.166654255116041	0.146338339964078
2	0.0257951066170508	0.658645074442664	0.0044379156065506	0.311121903333735
3	0.276532490616753	0.00650342083937247	0.00904605111305014	0.707918037430825
4	0.0910224751357074	0.0153498615713016	0.87227649507217	0.0213511682208216
5	0.524879804714953	0.0409834896201521	0.40877680294763	0.0253599027172651
6	0.993030581481526	0.00146339848723323	0.0013241377087682	0.00418188232247246
7	0.453496273060321	0.356732803293552	0.154005305256029	0.0357656183900976
8	0.117977400445803	0.699589045071952	0.105688182514862	0.0767453719673826
9	0.404404246365269	0.228700888859689	0.0958145917161558	0.271080273058886
10	0.286788670784205	0.256915080909582	0.239546033683563	0.21675021462265


Gene	ztf-27
Motif	ztf-27
Pos	A	C	G	T
1	0.0512253929248703	0.221558003963129	0.182429772861961	0.544786831446152
2	0.544395449247373	0.00325035788309249	0.449103834086408	0.00325035788309249
3	0.00325035788309249	0.990248925450689	0.00325035788309249	0.00325035788309249
4	0.855523010247426	0.00325035788309249	0.137976273086357	0.00325035788309249
5	0.00325035788309249	0.990248925450689	0.00325035788309249	0.00325035788309249
6	0.00325035788309249	0.990248925450689	0.00325035788309249	0.00325035788309249
7	0.90812479681706	0.0853744865167198	0.00325035788309249	0.00325035788309249
8	0.480085697871939	0.079466777981538	0.079466777981538	0.360980745002515


Gene	ztf-28
Motif	ztf-28
Pos	A	C	G	T
1	0.377202579444108	0.209093681678938	0.308827351941663	0.104876386935291
2	0.398641532902353	0.0602234974720837	0.414910402482536	0.126224567143028
3	0.0269874306479065	0.0194019043982094	0.939521990756967	0.0140886741969169
4	0.0431047919369048	0.928559232249628	0.00896774430135241	0.0193682315121144
5	0.0572006498711386	0.000207331827179258	0.0019475365383889	0.940644481763293
6	0.0171209074678599	0.0162859109577199	0.0129397035037883	0.953653478070632
7	0.216595405230418	0.486886541228284	0.111947624250589	0.184570429290708
8	0.506966383048268	0.0838009795090708	0.0590535521702946	0.350179085272366
9	0.218414648852768	0.24381148277679	0.191788905207945	0.345984963162497
10	0.182303122477058	0.471382944636746	0.213934696036799	0.132379236849397


Gene	ztf-29
Motif	ztf-29
Pos	A	C	G	T
1	0.903522457253722	0.0321591819512652	0.0321591819512652	0.0321591819512652
2	0.903522457253722	0.0321591819512652	0.0321591819512652	0.0321591819512652
3	0.00778318760339332	0.00778318760339332	0.976650440062174	0.00778318760339332
4	0.00778318760339332	0.976650440062174	0.00778318760339332	0.00778318760339332
5	0.00778318760339332	0.00778318760339332	0.00778318760339332	0.976650440062174
6	0.00778318760339332	0.00778318760339332	0.00778318760339332	0.976650440062174
7	0.424497895149592	0.218510375875072	0.128745971083391	0.228245760504161
8	0.305926158195074	0.105251851708432	0.105251851708432	0.483570138314292


Gene	ztf-3
Motif	ztf-3
Pos	A	C	G	T
1	0.167565226114641	0.546676282194935	0.0996961078358671	0.186062385336301
2	0.98926589167066	0.00357803656603093	0.00357803656603093	0.00357803656603093
3	0.00357803656603093	0.98926589167066	0.00357803656603093	0.00357803656603093
4	0.98926589167066	0.00357803656603093	0.00357803656603093	0.00357803656603093
5	0.00357803656603093	0.98926589167066	0.00357803656603093	0.00357803656603093
6	0.98926589167066	0.00357803656603093	0.00357803656603093	0.00357803656603093
7	0.00357803656603093	0.98926589167066	0.00357803656603093	0.00357803656603093
8	0.773907403920436	0.126690891726891	0.0497008513995751	0.0497008513995751


Gene	ztf-6
Motif	ztf-6
Pos	A	C	G	T
1	0.363000679789448	0.078795683881993	0.391117986112526	0.167085650131223
2	0.00280746426363298	0.00280746426363298	0.00280746426363298	0.991577606111248
3	0.00280746426363298	0.00280746426363298	0.00280746426363298	0.991577606111248
4	0.00280746426363298	0.00280746426363298	0.00280746426363298	0.991577606111248
5	0.00280746426363298	0.991577606111248	0.00280746426363298	0.00280746426363298
6	0.991577606111248	0.00280746426363298	0.00280746426363298	0.00280746426363298
7	0.00280746426363298	0.00280746426363298	0.991577606111248	0.00280746426363298
8	0.486412145409192	0.362394497594101	0.0755966790279395	0.0755966790279395


Gene	ztf-9
Motif	ztf-9
Pos	A	C	G	T
1	0.309000012175732	0.0326877212690247	0.625624549099638	0.0326877212690247
2	0.785613197125339	0.00912123071525554	0.196144337998882	0.00912123071525554
3	0.00912123071525554	0.865014655963377	0.116742879160845	0.00912123071525554
4	0.972636304408962	0.00912123071525554	0.00912123071525554	0.00912123071525554
5	0.00912123071525554	0.00912123071525554	0.198784766015098	0.782972769109123
6	0.00912123071525554	0.00912123071525554	0.972636304408962	0.00912123071525554
7	0.3476867580368	0.135481421117032	0.0559794936939846	0.460852329627963
8	0.181997123132945	0.661269540438916	0.078366669154041	0.078366669154041
